dense-normal size=74
  0 538.9090909090909 100.0 540.0 100.42857142857143 7
  1 508.3636363636364 100.0 540.0 112.42857142857143 8
  2 477.8181818181818 100.0 540.0 124.42857142857143 9
  3 447.27272727272725 100.0 540.0 136.42857142857142 10
  4 416.72727272727275 100.0 540.0 148.42857142857142 11
  5 386.1818181818182 100.0 540.0 160.42857142857142 12
  6 355.6363636363636 100.0 540.0 172.42857142857142 13
  7 325.09090909090907 100.0 540.0 184.42857142857142 14
  8 294.54545454545456 100.0 540.0 196.42857142857142 15
  9 264.0 100.0 540.0 208.42857142857142 16
  10 233.45454545454547 100.0 540.0 220.42857142857142 17
  11 202.9090909090909 100.0 540.0 232.42857142857142 18
  12 172.36363636363637 100.0 540.0 244.42857142857142 19
  13 141.8181818181818 100.0 540.0 256.42857142857144 20
  14 111.27272727272727 100.0 540.0 268.42857142857144 21
  15 100.0 107.57142857142857 540.0 280.42857142857144 22
  16 100.0 119.57142857142857 540.0 292.42857142857144 23
  17 100.0 131.57142857142858 540.0 304.42857142857144 24
  18 100.0 143.57142857142858 540.0 316.42857142857144 25
  19 100.0 155.57142857142858 540.0 328.42857142857144 26
  20 100.0 167.57142857142858 360.72727272727275 270.0 27
  21 380.0 277.57142857142856 540.0 340.42857142857144 27
  22 100.0 179.57142857142858 330.1818181818182 270.0 28
  23 380.0 289.57142857142856 540.0 352.42857142857144 28
  24 100.0 191.57142857142858 299.6363636363636 270.0 29
  25 380.0 301.57142857142856 540.0 364.42857142857144 29
  26 100.0 203.57142857142858 269.09090909090907 270.0 30
  27 380.0 313.57142857142856 540.0 376.42857142857144 30
  28 100.0 215.57142857142858 260.0 278.42857142857144 31
  29 380.0 325.57142857142856 540.0 388.42857142857144 31
  30 100.0 227.57142857142858 260.0 290.42857142857144 32
  31 380.0 337.57142857142856 540.0 400.42857142857144 32
  32 100.0 239.57142857142858 260.0 302.42857142857144 33
  33 380.0 349.57142857142856 540.0 412.42857142857144 33
  34 100.0 251.57142857142858 260.0 314.42857142857144 34
  35 380.0 361.57142857142856 540.0 424.42857142857144 34
  36 100.0 263.57142857142856 260.0 326.42857142857144 35
  37 380.0 373.57142857142856 540.0 436.42857142857144 35
  38 100.0 275.57142857142856 260.0 338.42857142857144 36
  39 380.0 385.57142857142856 540.0 448.42857142857144 36
  40 100.0 287.57142857142856 260.0 350.42857142857144 37
  41 380.0 397.57142857142856 540.0 460.42857142857144 37
  42 100.0 299.57142857142856 260.0 362.42857142857144 38
  43 380.0 409.57142857142856 540.0 472.42857142857144 38
  44 100.0 311.57142857142856 260.0 374.42857142857144 39
  45 380.0 421.57142857142856 540.0 484.42857142857144 39
  46 100.0 323.57142857142856 260.0 386.42857142857144 40
  47 380.0 433.57142857142856 540.0 496.42857142857144 40
  48 100.0 335.57142857142856 260.0 398.42857142857144 41
  49 380.0 445.57142857142856 540.0 508.42857142857144 41
  50 100.0 347.57142857142856 260.0 410.42857142857144 42
  51 380.0 457.57142857142856 540.0 520.4285714285714 42
  52 100.0 359.57142857142856 260.0 422.42857142857144 43
  53 380.0 469.57142857142856 540.0 532.4285714285714 43
  54 100.0 371.57142857142856 260.0 434.42857142857144 44
  55 380.0 481.57142857142856 528.7272727272727 540.0 44
  56 100.0 383.57142857142856 260.0 446.42857142857144 45
  57 380.0 493.57142857142856 498.1818181818182 540.0 45
  58 100.0 395.57142857142856 260.0 458.42857142857144 46
  59 380.0 505.57142857142856 467.6363636363636 540.0 46
  60 100.0 407.57142857142856 260.0 470.42857142857144 47
  61 380.0 517.5714285714286 437.09090909090907 540.0 47
  62 100.0 419.57142857142856 260.0 482.42857142857144 48
  63 380.0 529.5714285714286 406.54545454545456 540.0 48
  64 100.0 431.57142857142856 260.0 494.42857142857144 49
  65 100.0 443.57142857142856 260.0 506.42857142857144 50
  66 100.0 455.57142857142856 260.0 518.4285714285714 51
  67 100.0 467.57142857142856 260.0 530.4285714285714 52
  68 100.0 479.57142857142856 253.8181818181818 540.0 53
  69 100.0 491.57142857142856 223.27272727272728 540.0 54
  70 100.0 503.57142857142856 192.72727272727272 540.0 55
  71 100.0 515.5714285714286 162.1818181818182 540.0 56
  72 100.0 527.5714285714286 131.63636363636363 540.0 57
  73 100.0 539.5714285714286 101.0909090909091 540.0 58
sparse-normal size=31
  0 538.9090909090909 100.0 540.0 100.42857142857143 3
  1 467.6363636363636 100.0 540.0 128.42857142857142 4
  2 396.3636363636364 100.0 540.0 156.42857142857142 5
  3 325.09090909090907 100.0 540.0 184.42857142857142 6
  4 253.8181818181818 100.0 540.0 212.42857142857142 7
  5 182.54545454545453 100.0 540.0 240.42857142857142 8
  6 111.27272727272727 100.0 540.0 268.42857142857144 9
  7 100.0 123.57142857142857 540.0 296.42857142857144 10
  8 100.0 151.57142857142858 540.0 324.42857142857144 11
  9 100.0 179.57142857142858 330.1818181818182 270.0 12
  10 380.0 289.57142857142856 540.0 352.42857142857144 12
  11 100.0 207.57142857142858 260.0 270.42857142857144 13
  12 380.0 317.57142857142856 540.0 380.42857142857144 13
  13 100.0 235.57142857142858 260.0 298.42857142857144 14
  14 380.0 345.57142857142856 540.0 408.42857142857144 14
  15 100.0 263.57142857142856 260.0 326.42857142857144 15
  16 380.0 373.57142857142856 540.0 436.42857142857144 15
  17 100.0 291.57142857142856 260.0 354.42857142857144 16
  18 380.0 401.57142857142856 540.0 464.42857142857144 16
  19 100.0 319.57142857142856 260.0 382.42857142857144 17
  20 380.0 429.57142857142856 540.0 492.42857142857144 17
  21 100.0 347.57142857142856 260.0 410.42857142857144 18
  22 380.0 457.57142857142856 540.0 520.4285714285714 18
  23 100.0 375.57142857142856 260.0 438.42857142857144 19
  24 380.0 485.57142857142856 518.5454545454545 540.0 19
  25 100.0 403.57142857142856 260.0 466.42857142857144 20
  26 380.0 513.5714285714286 447.27272727272725 540.0 20
  27 100.0 431.57142857142856 260.0 494.42857142857144 21
  28 100.0 459.57142857142856 260.0 522.4285714285714 22
  29 100.0 487.57142857142856 233.45454545454547 540.0 23
  30 100.0 515.5714285714286 162.1818181818182 540.0 24
supplied-normal size=8
  0 100.0 157.5 540.0 212.5 0
  1 540.0 227.5 100.0 282.5 1
  2 100.0 297.5 260.0 317.5 2
  3 380.0 332.5 540.0 352.5 2
  4 540.0 367.5 380.0 387.5 3
  5 260.0 402.5 100.0 422.5 3
  6 100.0 437.5 260.0 457.5 4
  7 380.0 472.5 540.0 492.5 4
dense-shallow size=61
  0 538.9090909090909 100.0 540.0 100.42857142857143 7
  1 508.3636363636364 100.0 540.0 112.42857142857143 8
  2 477.8181818181818 100.0 540.0 124.42857142857143 9
  3 447.27272727272725 100.0 540.0 136.42857142857142 10
  4 416.72727272727275 100.0 540.0 148.42857142857142 11
  5 386.1818181818182 100.0 540.0 160.42857142857142 12
  6 355.6363636363636 100.0 540.0 172.42857142857142 13
  7 325.09090909090907 100.0 540.0 184.42857142857142 14
  8 294.54545454545456 100.0 540.0 196.42857142857142 15
  9 264.0 100.0 540.0 208.42857142857142 16
  10 233.45454545454547 100.0 540.0 220.42857142857142 17
  11 202.9090909090909 100.0 540.0 232.42857142857142 18
  12 172.36363636363637 100.0 540.0 244.42857142857142 19
  13 141.8181818181818 100.0 540.0 256.42857142857144 20
  14 111.27272727272727 100.0 540.0 268.42857142857144 21
  15 100.0 107.57142857142857 540.0 280.42857142857144 22
  16 100.0 119.57142857142857 540.0 292.42857142857144 23
  17 100.0 131.57142857142858 540.0 304.42857142857144 24
  18 100.0 143.57142857142858 540.0 316.42857142857144 25
  19 100.0 155.57142857142858 540.0 328.42857142857144 26
  20 100.0 167.57142857142858 540.0 340.42857142857144 27
  21 100.0 179.57142857142858 540.0 352.42857142857144 28
  22 100.0 191.57142857142858 540.0 364.42857142857144 29
  23 100.0 203.57142857142858 540.0 376.42857142857144 30
  24 100.0 215.57142857142858 540.0 388.42857142857144 31
  25 100.0 227.57142857142858 540.0 400.42857142857144 32
  26 100.0 239.57142857142858 540.0 412.42857142857144 33
  27 100.0 251.57142857142858 540.0 424.42857142857144 34
  28 100.0 263.57142857142856 540.0 436.42857142857144 35
  29 100.0 275.57142857142856 540.0 448.42857142857144 36
  30 100.0 287.57142857142856 540.0 460.42857142857144 37
  31 100.0 299.57142857142856 540.0 472.42857142857144 38
  32 100.0 311.57142857142856 540.0 484.42857142857144 39
  33 100.0 323.57142857142856 370.90909090909093 430.0 40
  34 380.0 433.57142857142856 540.0 496.42857142857144 40
  35 100.0 335.57142857142856 340.3636363636364 430.0 41
  36 380.0 445.57142857142856 540.0 508.42857142857144 41
  37 100.0 347.57142857142856 309.8181818181818 430.0 42
  38 380.0 457.57142857142856 540.0 520.4285714285714 42
  39 100.0 359.57142857142856 279.27272727272725 430.0 43
  40 380.0 469.57142857142856 540.0 532.4285714285714 43
  41 100.0 371.57142857142856 260.0 434.42857142857144 44
  42 380.0 481.57142857142856 528.7272727272727 540.0 44
  43 100.0 383.57142857142856 260.0 446.42857142857144 45
  44 380.0 493.57142857142856 498.1818181818182 540.0 45
  45 100.0 395.57142857142856 260.0 458.42857142857144 46
  46 380.0 505.57142857142856 467.6363636363636 540.0 46
  47 100.0 407.57142857142856 260.0 470.42857142857144 47
  48 380.0 517.5714285714286 437.09090909090907 540.0 47
  49 100.0 419.57142857142856 260.0 482.42857142857144 48
  50 380.0 529.5714285714286 406.54545454545456 540.0 48
  51 100.0 431.57142857142856 260.0 494.42857142857144 49
  52 100.0 443.57142857142856 260.0 506.42857142857144 50
  53 100.0 455.57142857142856 260.0 518.4285714285714 51
  54 100.0 467.57142857142856 260.0 530.4285714285714 52
  55 100.0 479.57142857142856 253.8181818181818 540.0 53
  56 100.0 491.57142857142856 223.27272727272728 540.0 54
  57 100.0 503.57142857142856 192.72727272727272 540.0 55
  58 100.0 515.5714285714286 162.1818181818182 540.0 56
  59 100.0 527.5714285714286 131.63636363636363 540.0 57
  60 100.0 539.5714285714286 101.0909090909091 540.0 58
sparse-shallow size=25
  0 538.9090909090909 100.0 540.0 100.42857142857143 3
  1 467.6363636363636 100.0 540.0 128.42857142857142 4
  2 396.3636363636364 100.0 540.0 156.42857142857142 5
  3 325.09090909090907 100.0 540.0 184.42857142857142 6
  4 253.8181818181818 100.0 540.0 212.42857142857142 7
  5 182.54545454545453 100.0 540.0 240.42857142857142 8
  6 111.27272727272727 100.0 540.0 268.42857142857144 9
  7 100.0 123.57142857142857 540.0 296.42857142857144 10
  8 100.0 151.57142857142858 540.0 324.42857142857144 11
  9 100.0 179.57142857142858 540.0 352.42857142857144 12
  10 100.0 207.57142857142858 540.0 380.42857142857144 13
  11 100.0 235.57142857142858 540.0 408.42857142857144 14
  12 100.0 263.57142857142856 540.0 436.42857142857144 15
  13 100.0 291.57142857142856 540.0 464.42857142857144 16
  14 100.0 319.57142857142856 540.0 492.42857142857144 17
  15 100.0 347.57142857142856 309.8181818181818 430.0 18
  16 380.0 457.57142857142856 540.0 520.4285714285714 18
  17 100.0 375.57142857142856 260.0 438.42857142857144 19
  18 380.0 485.57142857142856 518.5454545454545 540.0 19
  19 100.0 403.57142857142856 260.0 466.42857142857144 20
  20 380.0 513.5714285714286 447.27272727272725 540.0 20
  21 100.0 431.57142857142856 260.0 494.42857142857144 21
  22 100.0 459.57142857142856 260.0 522.4285714285714 22
  23 100.0 487.57142857142856 233.45454545454547 540.0 23
  24 100.0 515.5714285714286 162.1818181818182 540.0 24
supplied-shallow size=6
  0 100.0 157.5 540.0 212.5 0
  1 540.0 227.5 100.0 282.5 1
  2 100.0 297.5 540.0 352.5 2
  3 540.0 367.5 100.0 422.5 3
  4 100.0 437.5 260.0 457.5 4
  5 380.0 472.5 540.0 492.5 4
